34.6781 41.8959 4.7571 0.0000 0.0000 0.0000 1.0000 1.0000 1.0000
34.6781 39.1467 4.7571 0.0000 0.0000 0.0000 1.0000 1.0000 1.0000
34.6781 33.7705 4.7571 0.0000 0.0000 0.0000 1.0000 1.0000 1.0000
34.6781 36.4837 4.7571 0.0000 0.0000 0.0000 1.0000 1.0000 1.0000
34.6781 25.6186 4.7571 0.0000 0.0000 0.0000 1.0000 1.0000 1.0000
34.6781 31.0145 4.7571 0.0000 0.0000 0.0000 1.0000 1.0000 1.0000
34.6781 28.3013 4.7571 0.0000 0.0000 0.0000 1.0000 1.0000 1.0000
-15.1011 28.3013 4.7571 0.0000 0.0000 0.0000 1.0000 1.0000 1.0000
-15.1011 31.0145 4.7571 0.0000 0.0000 0.0000 1.0000 1.0000 1.0000
-15.1011 25.6186 4.7571 0.0000 0.0000 0.0000 1.0000 1.0000 1.0000
-15.1011 36.4837 4.7571 0.0000 0.0000 0.0000 1.0000 1.0000 1.0000
-15.1011 33.7705 4.7571 0.0000 0.0000 0.0000 1.0000 1.0000 1.0000
-15.1011 39.1467 4.7571 0.0000 0.0000 0.0000 1.0000 1.0000 1.0000
-15.1011 41.8959 4.7571 0.0000 0.0000 0.0000 1.0000 1.0000 1.0000
-14.9967 45.7961 4.7626 0.0000 -0.0000 -0.7705 1.3453 1.3453 0.9969
-15.1011 3.8667 4.7571 0.0000 0.0000 0.0000 1.0000 1.0000 1.0000
34.6781 22.9577 4.7571 0.0000 0.0000 0.0000 1.0000 1.0000 1.0000
11.8042 45.8698 4.7571 0.0000 -0.0000 -1.5708 0.9201 1.0000 1.0000
17.1808 45.8698 4.7571 0.0000 -0.0000 -1.5708 0.9201 1.0000 1.0000
19.9009 45.8698 4.7571 0.0000 -0.0000 -1.5708 0.9201 1.0000 1.0000
14.4608 45.8698 4.7571 0.0000 -0.0000 -1.5708 0.9201 1.0000 1.0000
25.2873 45.8698 4.7571 0.0000 -0.0000 -1.5708 0.9201 1.0000 1.0000
22.6209 45.8698 4.7571 0.0000 -0.0000 -1.5708 0.9201 1.0000 1.0000
27.8932 45.8698 4.7571 0.0000 -0.0000 -1.5708 0.9201 1.0000 1.0000
30.6424 45.8698 4.7571 0.0000 -0.0000 -1.5708 0.9201 1.0000 1.0000
9.1325 45.8698 4.7571 0.0000 -0.0000 -1.5708 0.9201 1.0000 1.0000
1.1050 45.8698 4.7571 0.0000 -0.0000 -1.5708 0.9201 1.0000 1.0000
6.4039 45.8698 4.7571 0.0000 -0.0000 -1.5708 0.9201 1.0000 1.0000
3.7678 45.8698 4.7571 0.0000 -0.0000 -1.5708 0.9201 1.0000 1.0000
-1.6150 45.8698 4.7571 0.0000 -0.0000 -1.5708 0.9201 1.0000 1.0000
-9.7179 45.8698 4.7571 0.0000 -0.0000 -1.5708 0.9201 1.0000 1.0000
-4.3351 45.8698 4.7571 0.0000 -0.0000 -1.5708 0.9201 1.0000 1.0000
-6.9978 45.8698 4.7571 0.0000 -0.0000 -1.5708 0.9201 1.0000 1.0000
34.7130 45.8862 4.7626 0.0000 0.0000 -2.3634 1.3453 1.3453 0.9969
-11.3851 45.8698 4.7571 0.0000 -0.0000 -1.5708 0.9201 1.0000 1.0000
-15.0318 -2.8642 4.7626 0.0000 -0.0000 0.7652 1.3453 1.3453 0.9969
-15.1011 22.8952 4.7571 0.0000 0.0000 0.0000 1.0000 1.0000 1.0000
-15.1011 20.1460 4.7571 0.0000 0.0000 0.0000 1.0000 1.0000 1.0000
-15.1011 14.7698 4.7571 0.0000 0.0000 0.0000 1.0000 1.0000 1.0000
-15.1011 17.4830 4.7571 0.0000 0.0000 0.0000 1.0000 1.0000 1.0000
-15.1011 6.6179 4.7571 0.0000 0.0000 0.0000 1.0000 1.0000 1.0000
-15.1011 12.0138 4.7571 0.0000 0.0000 0.0000 1.0000 1.0000 1.0000
-15.1011 9.3006 4.7571 0.0000 0.0000 0.0000 1.0000 1.0000 1.0000
-15.1011 1.1840 4.7571 0.0000 0.0000 0.0000 1.0000 1.0000 1.0000
34.6781 1.3583 4.7571 0.0000 0.0000 0.0000 1.0000 1.0000 1.0000
34.6781 6.7019 4.7571 0.0000 0.0000 0.0000 1.0000 1.0000 1.0000
34.6781 9.4151 4.7571 0.0000 0.0000 0.0000 1.0000 1.0000 1.0000
34.6781 4.0192 4.7571 0.0000 0.0000 0.0000 1.0000 1.0000 1.0000
34.6781 14.8843 4.7571 0.0000 0.0000 0.0000 1.0000 1.0000 1.0000
34.6781 12.1711 4.7571 0.0000 0.0000 0.0000 1.0000 1.0000 1.0000
34.6781 17.5473 4.7571 0.0000 0.0000 0.0000 1.0000 1.0000 1.0000
34.6781 20.2965 4.7571 0.0000 0.0000 0.0000 1.0000 1.0000 1.0000
34.7130 -2.9466 4.7626 0.0000 -0.0000 -0.7720 1.3453 1.3453 0.9969
