5.9875 25.4272 0.3847 0.0000 0.0000 0.0000 0.6875 0.6875 0.6875
7.4694 25.4272 0.3847 0.0000 0.0000 0.0000 0.6875 0.6875 0.6875
8.9592 25.4272 0.3847 0.0000 0.0000 0.0000 0.6875 0.6875 0.6875
10.4410 25.4272 0.3847 0.0000 0.0000 0.0000 0.6875 0.6875 0.6875
16.3669 25.4272 0.3847 0.0000 0.0000 0.0000 0.6875 0.6875 0.6875
14.8850 25.4272 0.3847 0.0000 0.0000 0.0000 0.6875 0.6875 0.6875
13.3953 25.4272 0.3847 0.0000 0.0000 0.0000 0.6875 0.6875 0.6875
11.9134 25.4272 0.3847 0.0000 0.0000 0.0000 0.6875 0.6875 0.6875
17.8261 25.4272 0.3847 0.0000 0.0000 0.0000 0.6875 0.6875 0.6875
19.3081 25.4272 0.3847 0.0000 0.0000 0.0000 0.6875 0.6875 0.6875
20.7978 25.4272 0.3847 0.0000 0.0000 0.0000 0.6875 0.6875 0.6875
20.7978 39.9756 0.3847 0.0000 0.0000 0.0000 0.6875 0.6875 0.6875
19.3081 39.9756 0.3847 0.0000 0.0000 0.0000 0.6875 0.6875 0.6875
17.8261 39.9756 0.3847 0.0000 0.0000 0.0000 0.6875 0.6875 0.6875
11.9134 39.9756 0.3847 0.0000 0.0000 0.0000 0.6875 0.6875 0.6875
13.3953 39.9756 0.3847 0.0000 0.0000 0.0000 0.6875 0.6875 0.6875
14.8850 39.9756 0.3847 0.0000 0.0000 0.0000 0.6875 0.6875 0.6875
16.3669 39.9756 0.3847 0.0000 0.0000 0.0000 0.6875 0.6875 0.6875
10.4410 39.9756 0.3847 0.0000 0.0000 0.0000 0.6875 0.6875 0.6875
8.9592 39.9756 0.3847 0.0000 0.0000 0.0000 0.6875 0.6875 0.6875
7.4694 39.9756 0.3847 0.0000 0.0000 0.0000 0.6875 0.6875 0.6875
5.9875 39.9756 0.4370 0.0000 0.0000 0.0000 0.6875 0.6875 0.6875
36.0657 48.4154 0.7436 0.0000 -0.0000 0.0000 1.0000 1.0000 1.0000
5.9886 26.9075 0.3847 0.0000 -0.0000 1.5708 0.6875 0.6875 0.6875
5.9886 28.3972 0.3847 0.0000 -0.0000 1.5708 0.6875 0.6875 0.6875
5.9886 29.8791 0.3847 0.0000 -0.0000 1.5708 0.6875 0.6875 0.6875
5.9886 35.8050 0.3847 0.0000 -0.0000 1.5708 0.6875 0.6875 0.6875
5.9886 34.3231 0.3847 0.0000 -0.0000 1.5708 0.6875 0.6875 0.6875
5.9886 32.8334 0.3847 0.0000 -0.0000 1.5708 0.6875 0.6875 0.6875
5.9886 31.3515 0.3847 0.0000 -0.0000 1.5708 0.6875 0.6875 0.6875
5.9886 37.2642 0.3847 0.0000 -0.0000 1.5708 0.6875 0.6875 0.6875
5.9886 38.7461 0.3847 0.0000 -0.0000 1.5708 0.6875 0.6875 0.6875
22.6209 43.2650 0.7436 0.0000 -0.0000 0.0000 1.0000 1.0000 1.0000
15.8208 43.2650 0.7436 0.0000 -0.0000 0.0000 1.0000 1.0000 1.0000
20.7962 38.7461 0.3847 0.0000 -0.0000 1.5708 0.6875 0.6875 0.6875
20.7962 37.2642 0.3847 0.0000 -0.0000 1.5708 0.6875 0.6875 0.6875
20.7962 31.3515 0.3847 0.0000 -0.0000 1.5708 0.6875 0.6875 0.6875
20.7962 32.8334 0.3847 0.0000 -0.0000 1.5708 0.6875 0.6875 0.6875
20.7962 34.3231 0.3847 0.0000 -0.0000 1.5708 0.6875 0.6875 0.6875
20.7962 35.8050 0.3847 0.0000 -0.0000 1.5708 0.6875 0.6875 0.6875
20.7962 29.8791 0.3847 0.0000 -0.0000 1.5708 0.6875 0.6875 0.6875
20.7962 28.3972 0.3847 0.0000 -0.0000 1.5708 0.6875 0.6875 0.6875
-12.3901 41.8959 0.7436 0.0000 -0.0000 1.5708 1.0000 1.0000 1.0000
20.7962 26.9075 0.3847 0.0000 -0.0000 1.5708 0.6875 0.6875 0.6875
-12.3901 39.1613 0.7436 0.0000 -0.0000 1.5708 1.0000 1.0000 1.0000
20.7962 25.4256 0.3847 0.0000 -0.0000 1.5708 0.6875 0.6875 0.6875
-12.3901 40.5542 0.7436 0.0000 -0.0000 1.5708 1.0000 1.0000 1.0000
14.4608 43.2650 0.7436 0.0000 -0.0000 0.0000 1.0000 1.0000 1.0000
-12.3901 35.1781 0.7436 0.0000 -0.0000 1.5708 1.0000 1.0000 1.0000
11.8042 43.2650 0.7436 0.0000 -0.0000 0.0000 1.0000 1.0000 1.0000
-12.3901 33.8322 0.7436 0.0000 -0.0000 1.5708 1.0000 1.0000 1.0000
13.1124 43.2650 0.7436 0.0000 -0.0000 0.0000 1.0000 1.0000 1.0000
-12.3901 36.5110 0.7436 0.0000 -0.0000 1.5708 1.0000 1.0000 1.0000
18.5408 43.2650 0.7436 0.0000 -0.0000 0.0000 1.0000 1.0000 1.0000
32.0035 21.6322 0.7436 0.0000 -0.0000 1.5708 1.0000 1.0000 1.0000
17.1808 43.2650 0.7436 0.0000 -0.0000 0.0000 1.0000 1.0000 1.0000
32.0035 20.2649 0.7436 0.0000 -0.0000 1.5708 1.0000 1.0000 1.0000
19.9009 43.2650 0.7436 0.0000 -0.0000 0.0000 1.0000 1.0000 1.0000
21.2609 43.2650 0.7436 0.0000 -0.0000 0.0000 1.0000 1.0000 1.0000
5.0908 43.2650 0.7436 0.0000 -0.0000 0.0000 1.0000 1.0000 1.0000
3.7678 43.2650 0.7436 0.0000 -0.0000 0.0000 1.0000 1.0000 1.0000
2.4180 43.2650 0.7436 0.0000 -0.0000 6.2832 1.0000 1.0000 1.0000
7.7894 43.2650 0.7436 0.0000 -0.0000 0.0000 1.0000 1.0000 1.0000
1.1050 43.2650 0.7436 0.0000 -0.0000 6.2832 1.0000 1.0000 1.0000
6.4039 43.2650 0.7436 0.0000 -0.0000 0.0000 1.0000 1.0000 1.0000
9.1240 43.2650 0.7436 0.0000 -0.0000 0.0000 1.0000 1.0000 1.0000
10.4840 43.2650 0.7436 0.0000 -0.0000 0.0000 1.0000 1.0000 1.0000
-5.6951 43.2650 0.7436 0.0000 -0.0000 6.2832 1.0000 1.0000 1.0000
-15.0901 48.4154 0.7436 0.0000 -0.0000 0.0000 1.0000 1.0000 1.0000
-7.0551 43.2650 0.7436 0.0000 -0.0000 6.2832 1.0000 1.0000 1.0000
-8.4104 48.4154 0.7436 0.0000 -0.0000 0.0000 1.0000 1.0000 1.0000
-9.7116 43.2650 0.7436 0.0000 -0.0000 6.2832 1.0000 1.0000 1.0000
-7.0731 48.4154 0.7436 0.0000 -0.0000 0.0000 1.0000 1.0000 1.0000
-8.4035 43.2650 0.7436 0.0000 -0.0000 6.2832 1.0000 1.0000 1.0000
-12.3911 48.4154 0.7436 0.0000 -0.0000 0.0000 1.0000 1.0000 1.0000
-2.9750 43.2650 0.7436 0.0000 -0.0000 6.2832 1.0000 1.0000 1.0000
-13.7607 48.4154 0.7436 0.0000 -0.0000 0.0000 1.0000 1.0000 1.0000
-4.3351 43.2650 0.7436 0.0000 -0.0000 6.2832 1.0000 1.0000 1.0000
-11.0444 48.4154 0.7436 0.0000 -0.0000 0.0000 1.0000 1.0000 1.0000
-1.6150 43.2650 0.7436 0.0000 -0.0000 6.2832 1.0000 1.0000 1.0000
-9.8535 48.4154 0.7436 0.0000 -0.0000 0.0000 1.0000 1.0000 1.0000
32.0035 32.4649 0.7436 0.0000 -0.0000 1.5708 1.0000 1.0000 1.0000
14.5301 48.4154 0.7436 0.0000 -0.0000 0.0000 1.0000 1.0000 1.0000
32.0035 31.0976 0.7436 0.0000 -0.0000 1.5708 1.0000 1.0000 1.0000
13.1755 48.4154 0.7436 0.0000 -0.0000 0.0000 1.0000 1.0000 1.0000
32.0035 28.3630 0.7436 0.0000 -0.0000 1.5708 1.0000 1.0000 1.0000
10.4662 48.4154 0.7436 0.0000 -0.0000 0.0000 1.0000 1.0000 1.0000
32.0035 29.7303 0.7436 0.0000 -0.0000 1.5708 1.0000 1.0000 1.0000
11.8208 48.4154 0.7436 0.0000 -0.0000 0.0000 1.0000 1.0000 1.0000
32.0035 24.2728 0.7436 0.0000 -0.0000 1.5708 1.0000 1.0000 1.0000
6.4022 48.4154 0.7436 0.0000 -0.0000 0.0000 1.0000 1.0000 1.0000
32.0035 22.9577 0.7436 0.0000 -0.0000 1.5708 1.0000 1.0000 1.0000
5.1056 48.4154 0.7436 0.0000 -0.0000 0.0000 1.0000 1.0000 1.0000
32.0035 25.6284 0.7436 0.0000 -0.0000 1.5708 1.0000 1.0000 1.0000
7.7569 48.4154 0.7436 0.0000 -0.0000 0.0000 1.0000 1.0000 1.0000
32.0035 26.9957 0.7436 0.0000 -0.0000 1.5708 1.0000 1.0000 1.0000
9.1115 48.4154 0.7436 0.0000 -0.0000 0.0000 1.0000 1.0000 1.0000
32.0035 37.8411 0.7436 0.0000 -0.0000 1.5708 1.0000 1.0000 1.0000
-1.6198 48.4154 0.7436 0.0000 -0.0000 0.0000 1.0000 1.0000 1.0000
32.0035 36.5110 0.7436 0.0000 -0.0000 1.5708 1.0000 1.0000 1.0000
-2.9829 48.4154 0.7436 0.0000 -0.0000 0.0000 1.0000 1.0000 1.0000
32.0035 33.8322 0.7436 0.0000 -0.0000 1.5708 1.0000 1.0000 1.0000
-5.7104 48.4154 0.7436 0.0000 -0.0000 0.0000 1.0000 1.0000 1.0000
32.0035 35.1781 0.7436 0.0000 -0.0000 1.5708 1.0000 1.0000 1.0000
-4.3407 48.4154 0.7436 0.0000 -0.0000 0.0000 1.0000 1.0000 1.0000
32.0035 40.5542 0.7436 0.0000 -0.0000 1.5708 1.0000 1.0000 1.0000
1.0925 48.4154 0.7436 0.0000 -0.0000 0.0000 1.0000 1.0000 1.0000
32.0035 39.1613 0.7436 0.0000 -0.0000 1.5708 1.0000 1.0000 1.0000
-0.2738 48.4154 0.7436 0.0000 -0.0000 0.0000 1.0000 1.0000 1.0000
32.0035 41.8959 0.7436 0.0000 -0.0000 1.5708 1.0000 1.0000 1.0000
2.4368 48.4154 0.7436 0.0000 -0.0000 0.0000 1.0000 1.0000 1.0000
32.0035 43.2632 0.7436 0.0000 -0.0000 1.5708 1.0000 1.0000 1.0000
3.7764 48.4154 0.7436 0.0000 -0.0000 0.0000 1.0000 1.0000 1.0000
-12.3901 37.8411 0.7436 0.0000 -0.0000 1.5708 1.0000 1.0000 1.0000
25.3673 48.4154 0.7436 0.0000 -0.0000 0.0000 1.0000 1.0000 1.0000
-12.3901 26.9957 0.7436 0.0000 -0.0000 1.5708 1.0000 1.0000 1.0000
24.0126 48.4154 0.7436 0.0000 -0.0000 0.0000 1.0000 1.0000 1.0000
-12.3901 25.6284 0.7436 0.0000 -0.0000 1.5708 1.0000 1.0000 1.0000
21.3033 48.4154 0.7436 0.0000 -0.0000 0.0000 1.0000 1.0000 1.0000
-12.3901 22.8938 0.7436 0.0000 -0.0000 1.5708 1.0000 1.0000 1.0000
22.6580 48.4154 0.7436 0.0000 -0.0000 0.0000 1.0000 1.0000 1.0000
-12.3901 24.2611 0.7436 0.0000 -0.0000 1.5708 1.0000 1.0000 1.0000
17.2394 48.4154 0.7436 0.0000 -0.0000 0.0000 1.0000 1.0000 1.0000
-12.3901 29.7303 0.7436 0.0000 -0.0000 1.5708 1.0000 1.0000 1.0000
15.8848 48.4154 0.7436 0.0000 -0.0000 0.0000 1.0000 1.0000 1.0000
-12.3901 28.3630 0.7436 0.0000 -0.0000 1.5708 1.0000 1.0000 1.0000
18.5941 48.4154 0.7436 0.0000 -0.0000 0.0000 1.0000 1.0000 1.0000
-12.3901 31.0976 0.7436 0.0000 -0.0000 1.5708 1.0000 1.0000 1.0000
19.9487 48.4154 0.7436 0.0000 -0.0000 0.0000 1.0000 1.0000 1.0000
-12.3901 32.4649 0.7436 0.0000 -0.0000 1.5708 1.0000 1.0000 1.0000
30.6938 48.4154 0.7436 0.0000 -0.0000 0.0000 1.0000 1.0000 1.0000
-12.3901 21.5265 0.7436 0.0000 -0.0000 1.5708 1.0000 1.0000 1.0000
29.3760 48.4154 0.7436 0.0000 -0.0000 0.0000 1.0000 1.0000 1.0000
-0.2550 43.2650 0.7436 0.0000 -0.0000 6.2832 1.0000 1.0000 1.0000
26.7219 48.4154 0.7436 0.0000 -0.0000 0.0000 1.0000 1.0000 1.0000
-12.3901 43.2650 0.7436 0.0000 -0.0000 6.2832 1.0000 1.0000 1.0000
28.0554 48.4154 0.7436 0.0000 -0.0000 0.0000 1.0000 1.0000 1.0000
-11.0301 43.2650 0.7436 0.0000 -0.0000 6.2832 1.0000 1.0000 1.0000
33.3817 48.4154 0.7436 0.0000 -0.0000 0.0000 1.0000 1.0000 1.0000
32.0017 48.4154 0.7436 0.0000 -0.0000 0.0000 1.0000 1.0000 1.0000
34.7110 48.4154 0.7436 0.0000 -0.0000 0.0000 1.0000 1.0000 1.0000
-16.4333 48.4154 0.7436 0.0000 -0.0000 0.0000 1.0000 1.0000 1.0000
26.6103 43.2650 0.7436 0.0000 -0.0000 6.2832 1.0000 1.0000 1.0000
25.2873 43.2650 0.7436 0.0000 -0.0000 6.2832 1.0000 1.0000 1.0000
23.9615 43.2650 0.7436 0.0000 -0.0000 6.2832 1.0000 1.0000 1.0000
29.3089 43.2650 0.7436 0.0000 -0.0000 6.2832 1.0000 1.0000 1.0000
27.9235 43.2650 0.7436 0.0000 -0.0000 6.2832 1.0000 1.0000 1.0000
30.6435 43.2650 0.7436 0.0000 -0.0000 6.2832 1.0000 1.0000 1.0000
32.0035 43.2650 0.7436 0.0000 -0.0000 6.2832 1.0000 1.0000 1.0000
