Column_light1 -11.2679443359375 5.149383544921875 -2.034393310546875
Column_light2 -11.2679443359375 3.089385986328125 -2.034393310546875
Column_light3 -11.2679443359375 1.0293731689453125 -2.034393310546875
Column_light4 -11.2679443359375 -1.0306243896484375 -2.034393310546875
Column_light5 -11.2679443359375 -3.09063720703125 -2.034393310546875
Column_light6 -11.2679443359375 -5.150634765625 -2.034393310546875
Column_light7 -11.2679443359375 -7.21063232421875 -2.034393310546875
Column_light8 -11.2679443359375 -9.2706298828125 -2.034393310546875
Column_light9 -11.2679443359375 -11.33056640625 -2.034393310546875
Column_light10 -11.2679443359375 7.2093505859375 -2.034393310546875
