Column_shadow1 -11.26611328125 9.270090103149414 -2.03401780128479 0.0 -0.0 0.0
Column_shadow2 -11.232677459716797 -13.332986831665039 -2.0252771377563477 0.0 -0.0 0.0
Column_shadow3 -11.277503967285156 -15.466489791870117 -2.037712574005127 0.0 -0.0 0.0
Column_shadow4 -11.270545959472656 11.328744888305664 -2.0352203845977783 0.0 -0.0 0.0
Column_shadow5 -11.269954681396484 13.389144897460938 -2.035203695297241 0.0 -0.0 0.0
Column_shadow6 -11.265893936157227 15.451760292053223 -2.034315586090088 0.0 -0.0 0.0
Column_shadow7 -9.217988967895508 15.451750755310059 -2.034304618835449 0.0 -0.0 0.0
Column_shadow8 -7.170131683349609 15.451783180236816 -2.0342676639556885 0.0 -0.0 0.0
Column_shadow9 -5.122474670410156 15.451759338378906 -2.0342814922332764 0.0 -0.0 0.0
Column_shadow10 5.116271018981934 15.451781272888184 -2.0342905521392822 0.0 -0.0 0.0
Column_shadow11 7.164000511169434 15.451781272888184 -2.0343399047851562 0.0 -0.0 0.0
Column_shadow12 9.211750030517578 15.451786994934082 -2.0343024730682373 0.0 -0.0 0.0
Column_shadow13 11.259502410888672 15.451788902282715 -2.0343167781829834 0.0 -0.0 0.0
Column_shadow14 11.259565353393555 13.391989707946777 -2.0343899726867676 0.0 -0.0 0.0
Column_shadow15 11.259111404418945 11.332670211791992 -2.0339720249176025 0.0 -0.0 0.0
Column_shadow16 11.258917808532715 9.273515701293945 -2.0336685180664062 0.0 -0.0 0.0
Column_shadow17 11.258940696716309 7.213742256164551 -2.0337934494018555 0.0 -0.0 0.0
Column_shadow18 11.258650779724121 5.155167579650879 -2.0334818363189697 0.0 -0.0 0.0
Column_shadow19 11.258049011230469 3.098299026489258 -2.0328660011291504 0.0 -0.0 0.0
Column_shadow20 11.261096954345703 1.0283679962158203 -2.035996437072754 0.0 -0.0 0.0
Column_shadow21 11.259164810180664 -1.0243167877197266 -2.0338778495788574 0.0 -0.0 0.0
Column_shadow22 11.259428024291992 -3.0859603881835938 -2.0343165397644043 0.0 -0.0 0.0
Column_shadow23 11.260293960571289 -5.150688171386719 -2.0351572036743164 0.0 -0.0 0.0
Column_shadow24 11.260368347167969 -7.209690093994141 -2.035252571105957 0.0 -0.0 0.0
Column_shadow25 11.2597017288208 -9.265411376953125 -2.034489631652832 0.0 -0.0 0.0
Column_shadow26 11.259154319763184 -11.322042465209961 -2.0338432788848877 0.0 -0.0 0.0
Column_shadow27 11.258686065673828 -13.37640380859375 -2.0328779220581055 0.0 -0.0 0.0
Column_shadow28 11.260771751403809 -15.45281982421875 -2.0355255603790283 0.0 -0.0 0.0
Column_shadow29 9.211536407470703 -15.449447631835938 -2.0341713428497314 0.0 -0.0 0.0
Column_shadow30 7.163995265960693 -15.449003219604492 -2.0342211723327637 0.0 -0.0 0.0
Column_shadow31 5.116624355316162 -15.444196701049805 -2.033705234527588 0.0 -0.0 0.0
Column_shadow32 3.0668187141418457 -15.464532852172852 -2.036346912384033 0.0 -0.0 0.0
Column_shadow33 1.02681303024292 -15.419649124145508 -2.0306522846221924 0.0 -0.0 0.0
Column_shadow34 -1.0279159545898438 -15.453153610229492 -2.0351457595825195 0.0 -0.0 0.0
Column_shadow35 -3.0594749450683594 -15.402204513549805 -2.0282881259918213 0.0 -0.0 0.0
Column_shadow36 -5.118200302124023 -15.438688278198242 -2.0331077575683594 0.0 -0.0 0.0
Column_shadow37 -7.1856231689453125 -15.482614517211914 -2.038355827331543 0.0 -0.0 0.0
Column_shadow38 -9.209924697875977 -15.434625625610352 -2.0319976806640625 0.0 -0.0 0.0
