-10 -10 0 0 0 3.0 1 1 1
-10 -5 0 0 0 1.2 0.8 0.8 0.8
-10 0 0 0 0 0.3 0.5 0.5 0.5
-10 5 0 0 0 2.0 1 1 1
-10 10 0 0 0 3.4 0.8 0.8 0.8

10 10 0 0 0 2 0.5 0.5 0.5
10 5 0 0 0 1.1 1 1 1
10 0 0 0 0 2.5 0.4 0.4 0.4
10 -5 0 0 0 0.4 1 1 1
10 -10 0 0 0 3.0 0.8 0.8 0.8


-10 -10 -2 0 0 3.0 0.9 0.9 0.3
-10 -5 -2 0 0 1.2 0.9 0.9 0.3
-10 0 -2 0 0 0.3 0.9 0.9 0.3
-10 5 -2 0 0 2.0 0.9 0.9 0.3
-10 10 -2 0 0 3.4 0.9 0.9 0.3

10 -10 -2 0 0 3.0 0.9 0.9 0.3
10 -5 -2 0 0 1.2 0.9 0.9 0.3
10 0 -2 0 0 0.3 0.9 0.9 0.3
10 5 -2 0 0 2.0 0.9 0.9 0.3
10 10 -2 0 0 3.4 0.9 0.9 0.3